Date,BTC-USD,ETH-USD,USDT-USD,ADA-USD,XRP-USD,DOGE-USD
2018-02-18,,,,,,
2018-02-19,0.06187369895710683,0.02135654475027828,-0.0045667851674143665,0.01506677791654175,0.02115863758423767,0.04161868565324173
2018-02-20,0.015767739342639062,-0.05274501120480265,0.0,-0.03296111730286652,-0.049215808000692876,0.05758969084522027
2018-02-21,-0.06459170224791023,-0.052035884871772124,0.0003597278733194994,-0.03858821291277868,-0.07040936162643155,-0.0750626389876926
2018-02-22,-0.06626121098880938,-0.0446618375987236,0.003112074561664754,-0.07570057078530738,-0.07524787701961028,-0.050166300863088945
2018-02-23,0.02916567969339066,0.06125112140513199,-0.0025128551957005543,0.021627834200951178,0.05882940272024169,0.060295620534571236
2018-02-24,-0.048535445290413405,-0.02777670819036704,0.0012672616109609585,-0.06674487286921785,-0.045524620473374175,-0.04996408756594654
2018-02-25,-0.01523197751850677,0.0050969304759804854,-0.0024960897021680914,0.06319050773623888,-0.011502423175717983,-0.029201494619171525
2018-02-26,0.07011553986619887,0.028593800894165813,-0.0007790117043340424,-0.016701040436989483,0.014073463329120229,0.03157058379086403
2018-02-27,0.0340346060989737,0.0102428390907912,0.0009589403648930362,-0.008307288396070108,-0.010034901403316917,-0.00760097070502838
2018-02-28,-0.03102947063646394,-0.02661422639491456,-0.001617481430384066,-0.07086561819894953,-0.04614709708292491,-0.04436505835800262
2018-03-01,0.05182687604474616,0.019684608701039625,0.0015175118203473495,-0.026530916615585553,0.025931537263890202,0.03221072487979535
2018-03-02,0.012288390831968733,-0.01775236219554125,-0.0006899316623900049,-0.03644146084369854,-0.019802778820311947,-0.12549576708693508
2018-03-03,0.03573183173255637,0.00043399220734377297,0.0011396566735542466,0.01219770327551878,-0.0025742875569079,-0.03357446945314416
2018-03-04,0.0019910549659772955,0.010967087973551266,-0.003260467482538017,0.012313409118141936,0.10225149304761826,0.03721616186457982
2018-03-05,0.005258650235306609,-0.01510636090120013,0.0012542056413607915,-0.010578170335509994,-0.04700527844161791,-0.05299744415923805
2018-03-06,-0.07101737882303372,-0.043982022694103465,0.0016364894875966936,-0.042083186360755975,-0.03876789474230842,-0.12388632002687625
2018-03-07,-0.0785471416488412,-0.08173834520662224,0.001977121040205401,-0.14321568061733458,-0.05762380374603377,-0.13595148596245255
2018-03-08,-0.05895751127349285,-0.06621615789568791,0.0034156833136839418,-0.10900627684902325,-0.05346141067163444,0.00024853781674762316
2018-03-09,-0.006134788034011313,0.03393391977600025,-0.004234030076524342,0.0020902918296630334,0.028533529058837423,0.02961904351104806
2018-03-10,-0.05182014795719041,-0.059384336188329404,0.003517980033866994,-0.05710674361082595,-0.06456859883680005,-0.04262245952406967
2018-03-11,0.0773108269362234,0.05170379280650142,-0.0013439773600279624,0.06289985979276941,0.042390026978070254,0.05794109870050925
2018-03-12,-0.039774699535065794,-0.03303910883312072,-0.001485399914132666,0.001001718505326801,-0.03685572608360405,-0.04320010737866567
2018-03-13,-0.0011163614975213596,-0.012949399458144831,-0.0025042268171225793,-0.0031158017213654913,-0.01425379248782282,-0.01801852650111335
2018-03-14,-0.10603202002040293,-0.11742068611868112,0.0029032756213535574,-0.11116343362181158,-0.11787330022375961,-0.11664727181104871
2018-03-15,0.0037476840392196608,-0.004874375872141854,-0.0014671329574170312,-0.07194402573354404,-0.006622445403219837,0.0033993966409270986
2018-03-16,0.00450614197866649,-0.015891906769594708,-0.002729171418136806,-0.037476952459230474,-0.011552741308679528,-0.0073800975426934765
2018-03-17,-0.05186813420832641,-0.08474423174172407,0.003068783086829541,-0.1448090750013321,-0.077506004033707,-0.061996639098646576
2018-03-18,0.03802058543426426,-0.025903431513727093,0.0014565335263591577,0.008954233334403426,0.03227252056366251,-0.03359844394486219
2018-03-19,0.048302106725166924,0.03301838479052139,-0.013259993529142306,0.23563855314873272,0.12846070648711183,0.0754504970895518
2018-03-20,0.03224371887087316,0.0008061302275428419,0.007011701066486441,0.036263694162560076,-0.05385129034060119,0.059529690666362184
2018-03-21,0.0017722101148143986,0.008145506469574817,0.0024167043179892577,0.03942773999855745,-0.023006785548126213,0.0021887363234109735
2018-03-22,-0.022745729727735496,-0.04000767403148597,-0.00026219498394916584,-0.04660647133326644,-0.04560047270763914,-0.03645870144887036
2018-03-23,0.017168711059965366,-0.0001538148691795059,-0.008794513294346433,-0.0724562437194147,-0.029971958667609783,0.009029409537161524
2018-03-24,-0.02410683537135471,-0.024727854795070878,0.018871824697148806,-0.00030648058631847384,-0.0029725335598367437,0.008391656178825233
2018-03-25,-0.02008233931084544,-0.004096294479087085,-0.009372851749401964,-0.024591507712750017,0.000950876106257628,-0.023961733176257227
2018-03-26,-0.03428971504220468,-0.06773385690921604,0.0037182274994005692,-0.09540987293925159,-0.06835939415806815,-0.06360695943973826
2018-03-27,-0.04692919680936608,-0.08480004182590598,-0.0017954349845362802,-0.07986095073338609,-0.03660400632334106,-0.04476965695400578
2018-03-28,0.01538459954530477,-0.008561022980050079,-0.0024050829618760218,0.03258869441992446,0.00014706260015239075,-0.0012726793065549154
2018-03-29,-0.10442950860100436,-0.14518986742754264,-0.000581598397561203,-0.08590676416062329,-0.12220814246356271,-0.1053250839232487
2018-03-30,-0.03915922419318774,0.02223216783247407,0.00032034760136795675,0.00222384306819097,-0.0038117326399627286,-0.02289903974525532
2018-03-31,0.01197496528897845,0.004580989331491616,0.0018272643435711532,0.05748327491552683,0.005456434234189601,0.02006515166287647
2018-04-01,-0.018715563309412864,-0.04343109523288464,-0.0009597141877818732,-0.033594433930187524,-0.054697985559372074,-0.03611806905128369
2018-04-02,0.03440450062348593,0.017801275568424858,0.000320086541734952,0.036578733538061535,0.031667324440142156,0.0282832946148936
2018-04-03,0.051223352843477454,0.07589183858341873,0.00023990831398565474,0.09776897504701439,0.10845465625216993,0.06337588269401889
2018-04-04,-0.08422475580705478,-0.09123042884171902,0.00045975278643654583,-0.10437063086067933,-0.10657300913672248,-0.07307605055142696
2018-04-05,-0.006201068910304803,0.007041357711370374,0.0016970737650273992,-0.043398503341062176,-0.011690192355330935,-0.020423745035594208
2018-04-06,-0.026050420941338085,-0.03436754660917921,-0.0014373276728142435,-0.029380385466321313,-0.03985170790359319,-0.016345040419030024
2018-04-07,0.040569778635102284,0.0397855849638244,-0.0014455380037039695,0.029622368090425576,0.023719890805234106,0.04825491742990791
2018-04-08,0.0161371745154427,0.038675156111288404,-0.0028400144086910216,0.05112563049692575,0.025360919192360786,0.014526413104950096
2018-04-09,-0.03665561276645477,-0.004960987147865174,0.0007481199621750934,-0.02255788036398188,-0.017219793803151837,-0.028542754449311942
2018-04-10,0.009412414998555812,0.03868004263577065,-0.00019952760605909377,0.02094741986246644,0.00015449685856831747,0.09652675768153289
2018-04-11,0.019352815614150316,0.038587468757648846,0.002897454625389753,0.0600845715401983,0.09231549441333586,0.10975443869746032
2018-04-12,0.12412693581038274,0.1353492561270013,-0.00342398270323946,0.24552225102798603,0.15305906229981997,0.11187635249748687
2018-04-13,0.0008501580097129826,-0.0004180362999480971,0.002068410579581283,-0.05671090438310749,0.014761595902031913,0.05056893371351923
2018-04-14,0.01136885881377853,0.01758825727563974,0.0008715862642402514,0.0015994662254134558,-0.009294061615751185,0.03806475965872305
2018-04-15,0.04203655981360764,0.05852349989705078,-0.0011649698751409051,0.09735250278427264,0.07663177621488326,0.09662370568434908
2018-04-16,-0.03300812914143919,-0.0394260053366581,-0.0010119265156862407,0.14777190675023205,-0.02858946252678095,0.0030581295329735934
2018-04-17,-0.01962125912828721,-0.016277789211940966,0.0009659059391084672,-0.05166128028638598,-0.009640800738932932,0.03409046602850545
2018-04-18,0.03253592757494634,0.04261684277122201,-0.0009488180081403295,0.06595581489893884,0.07617753829574177,0.13173813320451622
2018-04-19,0.015906496489625957,0.07892965684136159,-0.0004251340709424491,0.04512511187666332,0.11077146926482287,0.073368576534166
2018-04-20,0.06437648463049019,0.08086315837885373,0.0011555791546904465,0.10081315016567417,0.1546841356850013,0.011777865369822631
2018-04-21,0.005608362578138261,-0.016907925242676057,0.0006769321636713538,-0.036051587583740295,-0.05716163378972892,-0.08496172601211956
2018-04-22,-0.010523309510453865,0.026833793649897075,-0.0028248153183218707,-0.01751430042349636,-0.003566096518107175,0.02301051628371642
2018-04-23,0.014483697709083162,0.032726517651614384,0.001655981384267656,0.010236888384691523,0.007628358053750365,-0.010344017807034414
2018-04-24,0.08235319918742609,0.09722577979334102,0.006904034192366131,0.0812022292030342,0.06419647297956063,0.05638793739279037
2018-04-25,-0.09193210663750347,-0.14036877361873615,-0.012973453792051805,-0.14127452426999035,-0.1549420712475441,-0.12999087698020065
2018-04-26,0.04808821013231678,0.07418840860513809,0.007838645769055382,0.08005347577086423,0.06270211636121642,0.09970937227025296
2018-04-27,-0.0322395933068439,-0.024091170742194634,0.00452751955792669,-0.019925704445640468,-0.04625329247605141,-0.037111678202311205
2018-04-28,0.03942918286213941,0.055091289969292516,-0.004806675599646724,0.21552398081091637,0.0595268253771865,-0.012060596534404005
2018-04-29,0.007523614187495628,0.007581499962411188,-0.001320740703122154,0.01987249670059895,0.010335354959581199,0.018861477413861554
2018-04-30,-0.019136041014403197,-0.027904225204962222,0.0009043964128978473,-0.06139639347077915,-0.040737101364045826,-0.04668572970467387
2018-05-01,-0.01324016669459219,0.005491436631717084,0.004565469872279898,0.04380979039098696,0.004131366974446834,-0.012748875780063463
2018-05-02,0.012739001376982891,0.019895408016830027,-0.0060231152569295435,0.03755540480742326,0.02080288135914773,0.024768438865646412
2018-05-03,0.05353715789106724,0.12615675422370723,0.0005101876639398204,-0.007306034437674115,0.029105691370083134,0.06746189724659868
2018-05-04,-0.004433170333562973,0.007770447553508005,0.0005890205958206375,-0.02610682603525678,0.012333396608056855,-0.06822077236687844
2018-05-05,0.016094355065083252,0.038083060687830995,-0.0022829017706228953,0.016947020413382405,0.010731318978834874,-0.01703553145818998
2018-05-06,-0.020843383079432266,-0.029607438150392355,0.0009209708068885832,-0.04556327832397599,-0.03792010273552929,-0.04138516425107889
2018-05-07,-0.02962092312799005,-0.04992641123791619,3.51452524029086e-05,-0.04333742572329964,-0.045526093873100124,-0.031268511838028555
2018-05-08,-0.014853101418770562,-0.0011522520118055915,0.004884571303064446,-0.020569523577859676,-0.022679037157969952,0.09612136348859855
2018-05-09,0.009737078547251641,-0.000773314548468718,-0.0016079265918331398,-0.014599692372579897,-0.014761298119490314,-0.04040568914933013
2018-05-10,-0.03062326710905233,-0.03379458908126917,0.0008292872363015972,-0.0854547318932977,-0.05616624090457248,-0.04477312573366666
2018-05-11,-0.0689361065966995,-0.06782360488579307,0.0009082941871933864,-0.13286178857721484,-0.10165304473875607,-0.11016319938785205
2018-05-12,0.007482389783710855,0.009463770613132359,-0.0011480891505527668,0.04069782221496781,0.01706221011386834,0.025128584499502768
2018-05-13,0.025429769131291063,0.06687454796198007,0.0021453933972530037,0.053739340736338,0.06798254664202784,-0.03272268781405151
2018-05-14,-0.0008199646268759205,-0.004025783993958969,-0.0019754830843658933,-0.04454684236949915,-0.006524737641730523,0.029812159296299767
2018-05-15,-0.023964474196194036,-0.030122798034902535,-0.00012990080109675812,-0.04978274668637027,-0.05880180714914041,0.01225646211469944
2018-05-16,-0.016772482047846687,-0.0025721561341447,-0.0011893586786042992,-0.014636303746170412,0.021935211832559236,-0.02921557339295737
2018-05-17,-0.03335153970564195,-0.04986585214326335,0.00024001110352826917,-0.05085106147693932,-0.06774168162367224,-0.04596630081561834
2018-05-18,0.019168176638719434,0.03176513015845464,0.0009193405913057054,0.007685950617892569,0.01927031948738279,-0.041687969684255144
2018-05-19,-0.0004594502127542603,0.0031102613545906533,-0.0007493948817576677,-0.009300142733808182,-0.005277785380229109,0.06481852931384567
2018-05-20,0.031752487481541386,0.026687612562982164,-0.0012433205326556334,0.051532533569633755,0.03418162042667672,0.031464274200180824
2018-05-21,-0.011133876917273966,-0.022830252692537883,0.0038489518286694657,-0.028898417478806584,-0.027004984871696603,-0.03497015158815546
2018-05-22,-0.045839471398213046,-0.07647729866506857,0.0,-0.10334430975779411,-0.05429487415085353,-0.10351517746992253
2018-05-23,-0.06206765944472573,-0.10430081663070986,0.0010463385878660538,-0.10088562743360296,-0.07387624576514208,-0.06990210761635705
2018-05-24,0.0038982826938899168,0.03066024240791282,-0.005194635996354622,0.029701392656905284,0.052631875784239016,-0.025953501691622718
2018-05-25,-0.014229521588760126,-0.025278813356298172,0.001622623562284547,-0.0406945844637985,-0.03378601038501247,0.0042777425023677535
2018-05-26,-0.016751549202161684,0.0009301772031143205,-0.0005498813322800022,-0.020583672733342256,0.0027898118621233928,-0.014619702092797266
2018-05-27,0.0016762090503006405,-0.025195563514928476,-0.0007083722842203623,-0.015431322048083486,-0.00790927688486479,-0.011325825677210136
2018-05-28,-0.032025159738966816,-0.10412964286676943,0.003305297519270921,-0.10202677217640106,-0.0958895475329187,-0.05956651297677471
2018-05-29,0.046090611580090195,0.09133567067907782,-0.0018072099053485632,0.1505962557177065,0.08490623274522248,0.06335608137132515
2018-05-30,-0.008880942351451794,-0.010307801269696066,-0.0009527652543104994,0.03839414179800816,0.007582153083956294,-0.024445383385016825
2018-05-31,0.011764678499798073,0.03175510622710342,-0.001725964128327284,0.06451544324300669,0.011170150016143549,0.013033390206678618
2018-06-01,0.006289122618005123,0.004142763130314408,0.0029885340598789388,-0.012092519702237571,0.017382429253331007,0.0073303238274046376
2018-06-02,0.01343460036267325,0.020079939829566875,-0.007480589306326854,0.023254853849891066,0.03171526740869666,0.03868125699514585
2018-06-03,0.009997649447416887,0.043838415193214006,0.006591057508807989,0.0018074399137568726,0.042228741054654295,0.03642782486382678
2018-06-04,-0.02701622323891649,-0.04185156623080318,0.00041984417998301824,-0.06398878128641095,-0.014677990832559398,-0.043762187244269356
2018-06-05,0.015749961130953748,0.027146566799359166,0.000499579108448833,0.029715955138872735,0.023296848823612746,0.0339581756470758
2018-06-06,0.002645286611436144,-0.003582553503241214,-0.00032968944220460543,-0.02176214050168741,-0.0032815362246944664,0.03575171357774812
2018-06-07,0.0031646133192780724,-0.0031955716163963974,-0.0019405559865244741,-0.021563951489363613,0.0049241640114763025,-0.014629853513045991
2018-06-08,-0.006968564365645907,-0.006814430549556867,0.0030392570153712525,-0.027667146523849644,-0.005597198092873388,-0.019754421534790876
2018-06-09,-0.012263867528105044,-0.00586502627177967,0.004273176116144479,-0.016036731788312397,-0.021870327450192083,-0.018202388567156308
2018-06-10,-0.1042933363808614,-0.1266466115654419,-0.007848197856527225,-0.1333143300760741,-0.11492732412700349,-0.12147754147746713
2018-06-11,0.017659179795872778,0.012842656713840769,0.003714713616504117,0.02463907941578661,0.026742270124451264,0.016209809609254035
2018-06-12,-0.04813047339938324,-0.07078005409649209,-0.0011584618195774523,-0.08453712842567572,-0.07052282212976674,-0.04587232857304902
2018-06-13,-0.035954273506747965,-0.03972248543227401,0.0027541330419333563,-0.03778507846650727,-0.0515239828023212,-0.09217491623919748
2018-06-14,0.049982602628063255,0.08478097371616508,0.00041840947648133145,0.07195169735986456,0.048629528714617364,0.04409672365147894
2018-06-15,-0.033321874056011454,-0.05688027313368686,0.002983761674699708,-0.0574754775279296,-0.04295246240361257,-0.014713728005339585
2018-06-16,0.014389722742134216,0.017439568625552605,-0.002694908330822629,0.0013202514265524812,-0.005450785953358979,-0.00207040991655032
2018-06-17,-0.007799634776661505,0.0016118547996976673,0.0012340178070114768,-0.009755283859050199,-0.01235766333324844,-0.00762830849310341
2018-06-18,0.035601191439461784,0.03619013155171177,-0.0026390586510532457,0.016817759968164155,0.017414190120629384,0.05221525301419834
2018-06-19,0.00520115825376602,0.036084751047067314,-0.0026061145867602225,0.018521396797763257,0.022309434928057162,0.001980213730912477
2018-06-20,0.0009758784644155417,-0.003144529821688605,-0.001391595954802696,-0.03159723804204378,-0.01898284955832297,-0.0039643564898467435
2018-06-21,-0.006931549314601128,-0.016737336937170093,0.0017015430976522737,-0.021395868107395178,-0.008399942086168406,-0.010983641479143939
2018-06-22,-0.10092513460307667,-0.12410388593076904,0.0024656657993147894,-0.1256161247020091,-0.09369084499464553,-0.11327509517437934
2018-06-23,0.012867880610642049,0.018510920380190928,-0.0010175403195492334,-0.014194994142921328,0.008867110381113992,-0.010171484197509057
2018-06-24,0.0017429078270061015,-0.03615097969580304,0.0031090612357844863,-0.03818312488226093,-0.02870956286839586,-0.050874904828012234
2018-06-25,0.012228084684466036,0.005747406300771606,-0.004467235424411302,0.019151801080324056,0.009118682134534269,-0.01001007642401113
2018-06-26,-0.025199768617492124,-0.06168913248142701,-5.992691420184027e-05,-0.07019804169278294,-0.054936485155775004,-0.0028208977801956587
2018-06-27,0.010360226200307545,0.021924273314522662,-0.0026270264520448605,0.010609689905433529,0.031024575508180087,-0.01668404106594156
2018-06-28,-0.04207551892667362,-0.04626546508925199,-0.0007438302364249461,-0.06586810438632537,-0.04770460697554894,-0.033378113762127674
2018-06-29,0.051961304162501123,0.031793045507999364,0.006135428360874696,0.052248226038499275,0.010253706336438793,0.029266330304706826
2018-06-30,0.029426269046298203,0.04303003752774299,-0.004132787320882413,0.0908095691532989,0.028642530583201133,0.029234663955053412
2018-07-01,-0.002842915424254111,-0.002776365650412225,-0.0003713482441936647,0.03242400402287996,-0.010536899960073894,-0.0040095656181712005
2018-07-02,0.03513597605397694,0.04612846842791261,3.801225277979602e-05,0.10706226185376706,0.052285308544467675,0.08248124082879547
2018-07-03,-0.012871725512867362,-0.02374029346110142,0.001461569721984701,-0.04936053782963798,-0.0018510768202559293,-0.024341223252140047
2018-07-04,0.010354208139776208,0.006705215147746747,-0.0011252510928035973,0.0020224264145056845,0.009884602158821205,0.015795685427223753
2018-07-05,0.0062841192296037365,0.015066162224017167,0.006926565246391421,-0.013598939843461026,-0.017327387872807826,-0.03069000837787078
2018-07-06,0.005162002311365564,-0.000843491789187592,-0.002966203169989415,-0.019234181121939215,-0.005149973881934894,-0.0007698288429696566
2018-07-07,0.027115385407600508,0.036554804216383095,0.0030357495752116686,0.028937084390671917,0.0274319487677962,0.01831409487002275
2018-07-08,-0.012185823192757565,-0.005181638945970298,-0.00194972347795699,-0.03370590669821133,-0.030362289361000258,-0.012937696972709852
2018-07-09,-0.004754487007430659,-0.025756172953033184,0.0032310232618771645,-0.03797766771112052,-0.007308718586016096,-0.0030686869998470603
2018-07-10,-0.06302716705344925,-0.09282857467754221,-0.0062728255691321755,-0.08323655761532031,-0.06360805911214992,-0.07662305285728561
2018-07-11,0.010178711879892067,0.027458683518895268,-3.9888044385518706e-05,0.02067887063358451,0.01159656269991342,0.005789969234367467
2018-07-12,-0.026285767240593776,-0.03752242625700332,-0.002089797288036839,-0.03326637427214944,-0.03358277311525826,-0.05031709009341302
2018-07-13,0.001482289507841217,0.009149463883766123,0.0023494577819137665,0.08082329864980935,0.0077267772936970396,0.011211831227842957
2018-07-14,0.006084371585678029,0.004732705536194781,0.0012275036074500317,-0.005782325054936419,0.001207283191581631,0.012782447088887398
2018-07-15,0.013219819655417867,0.031074739185403905,-0.004295885671876845,0.03701821432282333,0.014964720610422567,0.007591729484788174
2018-07-16,0.05834774166521402,0.06624176922904768,0.0007880083259640148,0.09294176095495843,0.0807652758339719,0.18162107497224847
2018-07-17,0.08243286458020968,0.04145414469647052,0.0009914088359568379,0.09026159999745809,0.04487355644515632,0.1231411727202583
2018-07-18,0.006771106197490973,-0.04175583714512221,0.0020775336364548622,0.04862156028964316,-0.03871135624868476,0.1397081205557068
2018-07-19,0.012951038487558252,-0.02293258202369045,-0.004121410510787716,0.008277675023541958,-0.02068161487428374,0.034942633954871606
2018-07-20,-0.015212500162381477,-0.04112421437612502,0.0029432662044911765,-0.10909700486793662,-0.06378193675787033,-0.1198012152304103
2018-07-21,0.00882132629206077,0.025710691218280533,-0.000989384689200097,0.008974546389651311,0.018652933601994767,-0.04192227778016801
2018-07-22,-0.00010780651465853488,-0.006027591707268803,-0.0001970644790501603,0.039775975947666485,-0.013482848132315805,0.05590041256483657
2018-07-23,0.03868656433444906,-0.01933925034062528,-0.002350120396047731,-0.03738935147482681,-0.009020975007826587,-0.007838615397691344
2018-07-24,0.0884546416030793,0.06133763349283384,-0.000993968298167306,0.05424813512669876,0.027351414769514474,0.05362227287159493
2018-07-25,-0.029254690417220935,-0.014456014180329648,0.002291347584459631,-0.0025498484359437273,0.004808975158846155,-0.02150023346570905
2018-07-26,-0.028491418656974198,-0.01805869322650451,-0.0008413789354793584,-0.047215236525438145,-0.02178490076338714,-0.043259333980316894
2018-07-27,0.02648726157352419,0.012057509006291883,-0.0008350337484795554,0.004692607898718222,0.008223139504498508,0.0073410864841370795
2018-07-28,0.0033185039026142372,-0.005910931717290106,0.0007709445946508924,-0.013134068618058124,7.0555765295941e-05,-0.005280124982225252
2018-07-29,0.00320641247214717,-0.0004991665460832445,0.0010336456304152288,-0.00041014421486171293,-0.0007961104702002081,-0.027734000169478634
2018-07-30,-0.004632012619252318,-0.02075106962133827,-9.010081714633426e-06,-0.05815118973997923,-0.01600853715958724,-0.010334446332115294
2018-07-31,-0.05013794188199755,-0.05212255853920246,0.0005974730338078245,-0.07259801217541326,-0.02469567227886146,-0.10559815650681831
2018-08-01,-0.02019234469295715,-0.030706320679947455,-9.804317402233456e-05,-0.016861900315504552,0.02412392251459612,0.07046321112074248
2018-08-02,-0.0076040421112573775,-0.01950222355101457,0.0012508797110686288,-0.06570261587993692,-0.035611323383951954,-0.07012370760757247
2018-08-03,-0.017699946974245928,0.013578513250281333,-0.001565112021400204,-0.012860836893717205,0.023695875154423243,-0.009549860952023174
2018-08-04,-0.05552450759252941,-0.026675821441240248,-0.0005907352725115048,-0.02100916661673882,-0.02776456137296362,-0.06111742876923235
2018-08-05,0.0050534181440378585,0.00798269035216093,0.0008428805291994,0.032201194306102285,0.01190302508748007,0.03296608221061888
2018-08-06,-0.016644870348810327,-0.009442372039332597,0.00160276968824702,-0.008906756948927242,-0.04614847518140897,-0.020655996797399007
2018-08-07,-0.028995953086401502,-0.06723563897735169,0.0005892332179639708,-0.04044617285111654,-0.08324649494971946,-0.03963817623140822
2018-08-08,-0.06853482384772068,-0.06408569390267954,0.00014984250200503167,-0.09731251592163759,-0.13784888315190677,-0.10075367965332283
2018-08-09,0.040774573013564665,0.02485587234870183,0.002542468782435643,0.08227719832833742,0.04369837871219601,0.05635289825118672
2018-08-10,-0.06016427603596317,-0.08983926605487728,-0.002652319349475474,-0.059651959552672454,-0.07901330430668523,-0.06592232516478662
2018-08-11,0.017791511924364466,-0.03676847531704271,0.0082230768666463,-0.034235034659039015,-0.061671031622342644,0.005004121631580219
2018-08-12,0.004273118524736129,-0.007922944566902032,-0.00931199971003323,0.004711469895056661,-0.01132310528609052,0.0
2018-08-13,-0.0039809244546156666,-0.10925529811886639,0.0034324402854058484,-0.09326752268094271,-0.07095878373801057,-0.03083659658064497
2018-08-14,-0.015661306329478587,-0.02675301792831001,-0.006382316579629371,-0.08354210521252109,-0.011578104145525429,-0.03093257920977202
2018-08-15,0.017398593339543036,0.012229018134823305,0.0037092940755122576,0.003985179364644684,0.027804548091669407,0.018847848799103735
2018-08-16,0.004146085616168998,0.019923087694586002,-3.0003686169370954e-05,0.0030571626363685234,0.036321007957943637,-0.004787858376346177
2018-08-17,0.038083278208336936,0.09176410822409496,-0.0034607434484080148,0.14209750422419845,0.22623277990154095,0.06870199404849084
2018-08-18,-0.024126888066354907,-0.06516010605675336,0.005097367348848106,-0.09643466045502413,-0.11421267059316571,-0.025161152922239347
2018-08-19,0.01273198071380139,0.016834510086563777,-0.002336012416623565,0.026230073865605885,0.05031170505289693,0.032466341289860416
2018-08-20,-0.030832908467442785,-0.09228157710699923,0.004855717933808586,-0.08846696294035362,-0.07449978257837836,-0.04296400502120884
2018-08-21,0.028168761359932258,0.027431380523562456,-0.0046758216417485746,0.013127501494934038,0.04858087974624812,0.022951122636043125
2018-08-22,-0.017419128922693004,-0.038332125463733366,-0.00034981482570738923,-0.05244462455165477,-0.04695358379796749,-0.046009436225655634
2018-08-23,0.02450168206824125,0.021016556023293644,-0.001374469690365723,0.025236578819364818,0.024420807425971282,0.029789465899217153
2018-08-24,0.027928230011097385,0.020937419086688197,0.0028029831815718624,0.017413141312618785,-0.0003143429644030956,0.017044718896898303
2018-08-25,0.0064124672521687996,-0.011805816567099997,-0.0007789037137085174,0.0021767243009185823,0.0019029184968215548,-0.02335393628375336
2018-08-26,-0.008304176683980409,-0.01603733159048628,-0.0017728585828621275,-0.0100630149632687,-0.013662623244259523,0.014244073050006497
2018-08-27,0.026102376198721546,0.03711555148673223,-0.0014270884197068283,0.07157939686998774,0.039743133063469896,0.023840002198802675
2018-08-28,0.030277809712914813,0.037441098372668784,0.0015952297630916958,0.050714678568134386,0.04337295386948666,0.0572261760033552
2018-08-29,-0.006945951847084595,-0.02453809081134932,0.001264895183613887,-0.00010426270594614673,-0.020194771017495974,-0.00038365916173224295
2018-08-30,-0.009829420799983127,-0.018161804248485593,-0.0006296846708244851,-0.04766251789202093,-0.02751821787861274,0.20720754427280624
2018-08-31,0.008469072019252824,-0.0038829027571599746,0.0034738123643282626,0.016137958655160777,-0.0003339330178109016,0.40234113081609046
2018-09-01,0.021878714118539457,0.04266960848604727,-0.00669594270842273,0.044318144475101226,0.03627935974924553,0.2696862590026805
2018-09-02,0.010987305122022542,-0.0032897485087026337,0.0010287256671938562,-0.022674529322127396,-0.015061630330562696,-0.22781351791427998
2018-09-03,-0.001742290079993956,-0.017518394205814566,0.0008044688848170323,-0.007931273575947487,-0.01934371023055294,0.05203315564118399
2018-09-04,0.013897370676709589,-0.0122997080021474,0.0008758023950289973,0.015876085770028563,-0.01290894044091968,0.0005694902941870057
2018-09-05,-0.08041781637747243,-0.20685973014550266,0.008401607070135788,-0.18405393542070408,-0.15651791173135812,-0.06629874138255827
2018-09-06,-0.03958783805725853,-0.009149412691399001,-0.00700888408513094,0.012449460295055205,0.0652069691972905,0.01589408830796213
2018-09-07,-0.009556698168818017,-0.058181225380033896,0.005430284343217132,-0.0542621379031108,-0.03795823297063642,0.05759082043166258
2018-09-08,-0.037992262867389735,-0.09281286793711542,-0.002069076124465057,-0.07089723492381203,-0.042412405539249,0.07003495799121873
2018-09-09,0.011955253777374625,-0.005201698625353381,0.0006967709482559535,-0.02055887735973721,-0.0023404436567132088,0.02378375793775089
2018-09-10,0.004566762205364724,0.000786789902322382,-0.0036884773406885567,-0.04176397595796249,-0.030453974003457486,0.16751585391095955
2018-09-11,-0.0013437780737511058,-0.06289214973606629,0.0032505603166514325,-0.041597142697892504,-0.024760199589905933,-0.08521905306939169
2018-09-12,0.004829112103060521,-0.009419259630456542,-0.003280444045730994,-0.054917766889991886,0.02389415821594357,0.01971278287097342
2018-09-13,0.025723516554865874,0.14224124368727617,0.005080715900569869,0.045170065627388525,0.03812541773397549,0.015220534365321699
2018-09-14,-0.0007060768656483014,0.0018671062667101883,-0.003972757964354326,-0.02290124109826194,-0.01227819255610556,-0.05875728678577031
2018-09-15,0.004670726045218974,0.052102000427443416,-0.0014975996636760068,0.015614095414655969,0.017344043686480928,-0.002430115603362813
2018-09-16,-0.003984578276937406,-0.011202315918008644,9.992566325051511e-05,0.009204261547924706,-0.0029902150043469434,0.05767193191019287
2018-09-17,-0.03688071788794455,-0.10866574384291117,0.0031420238734676848,-0.09066278281732951,-0.032220725491280244,-0.045099286782782216
2018-09-18,0.01424242361641818,0.0593529868783348,-0.0018541270142571021,0.0830153080440755,0.16739215220389456,-0.04287300364341186
2018-09-19,0.004266345706214488,-2.8632212330833976e-05,-0.0015576833311090527,0.041196425806452344,0.012943301395384401,-0.064215332866403
2018-09-20,0.01875390373168553,0.06732111261516943,0.0008490156632415912,0.1190016067097163,0.322005423124173,0.015216097552007925
2018-09-21,0.032486665751885406,0.09342171925715495,-0.007126363726354741,0.0723323661681231,0.2214787213634974,-0.0019333604972244023
2018-09-22,-0.0019276638417005945,-0.02506579650122799,0.006507236927749157,-0.05168629523131824,0.01649127690645382,0.01293499900029528
2018-09-23,-0.0016899322578373187,0.015882869816589394,-0.0014077366328096447,0.07590942825722809,-0.0001909041290068424,0.024531622824368486
2018-09-24,-0.017318842593149884,-0.06597752809465578,0.0011179250446427518,-0.08120023423122223,-0.14286867706936654,-0.03869887625255406
2018-09-25,-0.02284124873972531,-0.045733330044733,-0.00018991799984074715,-0.021077595768511256,0.06311282529017485,0.0015840601017660639
2018-09-26,0.007499922625336217,-0.012239095985688522,0.0016878615691573303,-0.019339692852006447,-0.02038508522672785,0.0015815548233486252
2018-09-27,0.027598692087246655,0.056940142278470704,-0.00502493005240241,0.07890386401130016,0.04741977981015688,0.03179808417605595
2018-09-28,-0.004897601761743681,-0.02702344344998183,0.0043161775484661016,-0.023161271087583604,-0.004199995758949461,-0.008198150241008189
2018-09-29,-0.006367171722292317,0.040676310433163644,-0.0018170732089923633,0.006807509599338953,0.057865187975098945,0.00581401407754195
2018-09-30,0.0035683367196754708,0.0052230779102151615,0.0007580066939613868,0.006937539496495462,0.017946298193220012,0.006966235585680617
2018-10-01,-0.00543920393591315,-0.008973010985638352,-0.002437119593724217,-0.008558137552785113,-0.008827057963385404,0.006077040054657533
2018-10-02,-0.005099772645630063,-0.015665844601149913,0.0018181566048456142,-0.02328330219581392,-0.1014705674225073,-0.02005846025230116
2018-10-03,-0.00819539381745712,-0.029899255690909544,-0.0011729974301238303,-0.0212604623310305,0.013965909575100336,-0.020819624306060668
2018-10-04,0.011331035300968855,0.007811092638612342,-0.002390277791198992,0.00635438630030016,-0.0029503745703064236,-0.010397523617591447
2018-10-05,0.0069383488553248175,0.023935194335374,-0.0004086225640567526,0.020536925066498,-0.014498742647859086,0.004242570044273926
2018-10-06,-0.005173043848845555,-0.010960515121686927,0.0014039261568297731,-0.020549204707650443,-0.06147053500196621,-0.022116116495238276
2018-10-07,0.002219673093834595,0.004427852266431879,-0.0005617286897758874,0.0404366524264195,-0.012458374353347979,0.0030611163777310335
2018-10-08,0.007435585416514066,0.013773518505470778,-0.000806044274480612,0.022761089386885282,0.01587208830390483,0.002872555247074868
2018-10-09,-0.0014426384505712788,-0.00556828753793708,0.0009685864099101129,-0.0028908259195386866,-0.020408983297747027,0.010166811175170714
2018-10-10,-0.008634710127935695,-0.009754314692389073,-0.0032930090289639996,-0.019622199698814687,-0.03708594495454599,-0.014838912751947557
2018-10-11,-0.051295382144624056,-0.17512863011621937,-0.00047923079155834245,-0.1770473278503512,-0.18802779959282667,-0.10472031519888225
2018-10-12,0.0029271598167849833,0.03743329618455091,0.0010829530278626384,0.03156637607098756,0.08977096822307574,0.04821862115292841
2018-10-13,0.0018168218647266394,0.015705061185225258,-0.006110572563121191,-0.0015172367819699553,-0.0005656798503267508,-0.01246545281300244
2018-10-14,0.0007855566385387347,-0.020862566787596723,0.0015412814769305404,-0.025071353933474226,-0.03793366941346648,-0.004642119941675947
2018-10-15,0.04743633360553313,0.06903748688038608,-0.009577145216028989,0.04787275379590604,0.10361924716046547,0.011565277213802136
2018-10-16,-6.521446177784128e-05,0.001981785283371043,-0.005100009612400631,0.013612139537897583,0.0500055683300673,-0.039282113075087104
2018-10-17,-0.00786572755709154,-0.014559129722059461,-0.004035187084823034,0.020807156296727327,-0.0043817059038996934,-0.0869932441489872
2018-10-18,-0.010401673695689338,-0.01818115094930135,0.0098695420294749,-0.029856900689415808,-0.022620580225603006,-0.0474212382158087
2018-10-19,-0.0017462065653074937,0.0018423947039989666,0.006963455926387296,0.009339906793794732,-0.007779338186877626,0.018970798105041844
2018-10-20,0.0036712537146421764,0.008324420771117641,-0.003937060688762814,0.006650114745311483,0.010889927823914753,0.017958562279730774
2018-10-21,-0.0010545924945415059,-0.0014028937108992781,-0.0002876953135020609,-0.006162344307160031,-0.00536553399568963,-0.007498886649601875
2018-10-22,0.0007417487199009042,-0.005366725969370564,0.0004574379242602528,-0.0012792582656877799,-0.007880891379366052,-0.03400079396394978
2018-10-23,-0.0017619397642864927,0.0014300026140695468,0.004020377922215591,-0.013726065488558602,0.019557734879119378,-0.04545173827101853
2018-10-24,0.0030990249977650625,-0.0023714256807836655,0.0006576922224920148,-0.005662024363847003,-0.010488573552514244,-0.06460241208418552
2018-10-25,-0.0030141263870882,-0.005573510159979367,0.00018103821031777053,-0.006235720715032393,0.0017808677100976428,-0.05087628586865772
2018-10-26,-0.00023782477161892504,0.0030045762369807364,0.0010088247710605329,-0.001978717224348212,0.002694731397962522,0.06936949302837465
2018-10-27,0.0008691357350833926,0.004323578023913883,0.0033365520982654574,-0.011282591936773275,-0.006421785944380744,0.0516069938163236
2018-10-28,0.0009270241282320825,0.005644831038763932,0.0053787518380973495,0.0038342593207938867,0.013187632817619512,-0.03197174072665669
2018-10-29,-0.023990543470313163,-0.040337019883799986,-0.0015977524580625029,-0.04957835280516265,-0.046233616915936165,-0.05462799751059812
2018-10-30,0.00025896418864301634,0.0015653670578778401,-0.00018860317815780258,0.0002871657064280907,0.007322891223186536,0.0007795304717588745
2018-10-31,-0.0026336269445917018,-0.0008862328157682875,-0.008614588456454415,0.0008324641594881357,0.008112938028187718,-0.022590915104853712
2018-11-01,0.009479090296346939,0.007525517212706533,0.0036346721909543173,0.016532829226427306,0.016237457848155227,0.0034477865502309775
2018-11-02,0.0016700572222643,0.008825937884946199,0.0017942458177422028,0.02393964682748116,0.0064807395805854436,-0.0010595491422478772
2018-11-03,-0.004263663863637974,-0.0022403519621869224,0.005953023040089911,-0.015340853712057454,-0.006601467584985748,-0.010658260010618164
2018-11-04,0.0023348777659298278,0.03581687350077927,-0.010789039400262851,0.06433824699150854,0.015297208586222136,-0.01538698675187049
2018-11-05,0.0068038692776419656,0.0077057492096272075,0.00450881255972154,-0.0010630904698932832,0.07235918451917628,-0.014798829783524432
2018-11-06,0.0064204349103652286,0.04379671152139118,-0.0003826636201515262,0.061177571973742365,0.09882552755470687,0.020224757202816506
2018-11-07,0.010642787457474817,-0.005825981832257182,0.000477301507729405,-0.03019747519130233,-0.024656812234385317,-0.016091983392454275
2018-11-08,-0.011771661474414798,-0.023064992602608476,0.0010696793436654362,-0.026459689960188913,-0.08204827208378514,-0.07210074338658863
2018-11-09,-0.0106081363243139,-0.010215443330984583,0.0005016682777500628,-0.03008478049834462,0.014404093325721921,-0.07483564208675775
2018-11-10,0.00368900647570952,0.011637418821523724,0.0023574224463511666,0.013315990007056987,0.011972004437810485,0.04514390562553814
2018-11-11,0.00031977009731966983,-0.005629099140411192,-0.006759774166976011,0.016611863363744414,-0.001550434084752615,-0.03816191362001305
2018-11-12,-0.0062585574452049195,-0.00437216863058589,-0.0013275186222172536,-0.006295795969151248,0.021997226937885563,-0.03148350152037754
2018-11-13,-0.001850602522267611,-0.01721814550739848,-0.004082585082038727,-0.03206080078502417,-0.013731697471090213,-0.03961242558901426
2018-11-14,-0.10277649273173681,-0.13118986254347306,-0.01893113495867608,-0.12700983666983745,-0.07263846215499352,-0.08871062565028591
2018-11-15,-0.015864955827275286,-0.0032633851055248095,0.015783431105178644,-0.019959073681541872,0.015346277968135019,0.03822116530373941
2018-11-16,-0.012915841594389046,-0.03162772940272176,0.005083685433478578,-0.03837059005819159,-0.02118785613924725,-0.019474090697285805
2018-11-17,-0.0038131143366994845,-0.006735815480813416,-0.001173907984493539,-0.007814507797910989,0.04162498981016031,-0.056558786153567985
2018-11-18,0.012383547969032271,0.017467112591562424,0.0067368136968432935,0.02024691250548445,0.037562537591066696,0.018328169416083655
2018-11-19,-0.14356147255391308,-0.17140806574016887,-0.009925905770661873,-0.163404800728427,-0.06537979047492591,-0.08897391436057964
2018-11-20,-0.09007563428611133,-0.13498135058001587,-0.014277229054453871,-0.1606792650661059,-0.09524203454080905,-0.07023437357042489
2018-11-21,0.033203655465095516,0.04765730517451414,0.019123398009735944,0.06491255471502437,0.02929796116970592,0.08256498413985282
2018-11-22,-0.052694412359316274,-0.07592663617957364,0.010761101256399322,-0.07663878450286996,-0.04938681332634512,-0.014815102819867323
2018-11-23,-0.004322277012643036,-0.02728150314304198,-0.01577007372245821,-0.019232451336844068,-0.044762873917429814,-0.021370988257775246
2018-11-24,-0.11348021178490733,-0.08283794800929592,-0.0023904498626179326,-0.12116913990874924,-0.08204261926725148,-0.05977793071228348
2018-11-25,0.03275273942871904,0.025711968995455227,0.0007597400983410632,-0.019243712947690693,-0.0020936313586539003,-0.001800194274189351
2018-11-26,-0.059289959286095456,-0.07223370041597744,-0.0038055226059201578,-0.052207562737417945,-0.05234059905544436,-0.056046152697289305
2018-11-27,0.010945085463912742,0.015343020462077035,0.007154764730241839,0.018127696092360014,0.013169344228472902,-0.005733345189473514
2018-11-28,0.10822444579237071,0.10703351815565824,0.014486216089913446,0.14192628731239332,0.08101718689258036,0.07342324694737107
2018-11-29,0.005020181260204391,-0.040803576210302714,-0.0012475176539432926,-0.0036954076437915938,-0.028555971229172458,-0.0022286783816961504
2018-11-30,-0.06308129823555883,-0.03789759614138935,-0.005584129543079282,-0.07306860196622268,-0.0461175739305142,-0.03450188452045527
2018-12-01,0.04796953376593715,0.04715262927757769,0.00926206628737263,0.06351654407211485,0.02842601821999736,0.03850983277530151
2018-12-02,-0.017905439628711557,-0.019119088823290102,-0.0026807772578468234,0.004907410124162895,-0.014257552437865596,-0.0017792698731501106
2018-12-03,-0.06119579004793354,-0.0662774363222827,-0.001782493533798496,-0.07473940015595258,-0.052702052846666854,0.054160858732458586
2018-12-04,0.015988811461090185,0.011765892628059271,0.003442795733647027,-0.025456467831508036,0.009920428376031323,-0.07667425767877847
2018-12-05,-0.05263875080027785,-0.07280134630526414,-0.0070898528969098535,-0.09591776089215695,-0.040525599688532844,-0.0073125960710675305
2018-12-06,-0.06404661855090774,-0.11043631636893832,0.005353427956000545,-0.10626605096636417,-0.0841744831743355,-0.038817202958979675
2018-12-07,-0.029151749215485624,0.01657386485737718,0.0031353964296473025,-0.03079598491949464,-0.02917001262070086,0.003332568444112419
2018-12-08,0.016293013151101775,-0.012239571883772801,0.0183480997823081,0.026892048288071214,0.017306504885269164,0.007575851435670084
2018-12-09,0.03896482421444885,0.031848872955973634,-0.004395017317133016,0.03255005209864423,0.019660959081423447,-0.008526881121460684
2018-12-10,-0.03135850250725668,-0.03700521731377974,0.0010845603748468383,-0.048154599612021856,-0.031126858884735487,-0.0009519350043069229
2018-12-11,-0.022540327664477524,-0.0303442898735035,-0.0067212617675040665,-0.02182368360343404,-0.008001951272397716,-0.0057306071664336425
2018-12-12,0.018046272769709704,0.018358628595334922,-3.765964102303741e-05,0.03517653482923314,0.019643583291300566,0.01095507116664509
2018-12-13,-0.05096896140814731,-0.04578144648198553,-0.0063363459562548975,-0.047467908964697846,-0.024030204264417338,-0.02203159922923096
2018-12-14,-0.021718554248833184,-0.026118537895495297,-0.0011777236276464959,-0.028917033756445085,-0.038169398736235066,0.0024183993837566652
2018-12-15,-0.0017666084928983055,0.0015705562290043078,0.0027820067443144114,-0.0029665126163767345,-0.010117068109388496,0.020560176816510164
2018-12-16,0.004954827235499686,0.009679214903844397,0.0013393618264981846,0.028898608406665624,0.007131247443580951,0.005663106677516212
2018-12-17,0.08625387653959106,0.10955456361848369,0.0035759095066368934,0.12031865694076829,0.13167984972959126,0.17563249952012577
2018-12-18,0.04148507479472932,0.06094872802753916,0.00289406157200165,0.05658796202435768,0.06400213662832573,0.05790384356929418
2018-12-19,0.013408299801074757,0.00154283558611265,0.00932967350602869,-0.0054850303474116395,0.005110292803098126,0.013323676634446403
2018-12-20,0.09867679132172595,0.13768187048569944,-0.002884688569808331,0.13152831815694596,0.07191434562010161,0.004035992869092625
2018-12-21,-0.05926230044008081,-0.059567912575256454,-0.003843902732374162,0.03479289120289519,-0.05329661602431193,-0.07053719811689828
2018-12-22,0.02974381467096963,0.06422612236995195,0.005205428061180506,0.029299824835731708,0.01037074113532689,-0.017040275400280764
2018-12-23,-0.0037943596349006648,0.11328754649026802,-0.004763438584976992,0.051519398708613585,0.02443489669245598,0.01586078920365121
2018-12-24,0.01971419201541739,0.06993722809376082,-0.00017519975368988,0.03304504761473094,0.09138961465281599,-0.0007870977228480901
2018-12-25,-0.06668429052768687,-0.07700463862461439,0.0032169939620044917,-0.09648988791062575,-0.06585578784892675,-0.05503010736863511
2018-12-26,0.010897550330662953,0.015447070317166354,0.0004904971826334295,-0.007568714091624806,-0.005737501610906627,0.0287022855619573
2018-12-27,-0.0539162995271533,-0.12324078790865793,0.004525089646628198,-0.1089865154984689,-0.10436846199912066,-0.04548113517371313
2018-12-28,0.07104028607292981,0.1661499008241019,-0.0009905509523484915,0.12497528536936305,0.09949512617461827,0.029180826151235257
2018-12-29,-0.026733418957821234,0.002694011732865948,0.008092058370467944,-0.0084923008968433,-0.025804312853800228,-0.012818039642152359
2018-12-30,0.011850725299472748,0.013251416425707718,-0.012081766668306194,0.041804486472679675,0.00632172942667184,-0.015094545909251161
2018-12-31,-0.03240073596075585,-0.0475238577559797,-0.00527750086958828,-0.05258321354246676,-0.04673516211243303,-0.00891164809965715
2019-01-01,0.026581224952000385,0.05436416392275312,0.004540276150124281,0.03550185595158393,0.033634975639269,0.019418135480001035
2019-01-02,0.025657066653891034,0.09625440130240162,0.0055592899099095325,0.06177014408044347,0.02830405508778261,0.0062512732958108705
2019-01-03,-0.02742232180619206,-0.03888070499602084,-0.004442430982037089,-0.058602186909526295,-0.040847753857126,-0.019719494636114505
2019-01-04,0.005452331614920808,0.03587230828845264,-0.002232036781118406,0.026130461518410454,-0.009699232913408833,-0.019251978590484862
2019-01-05,-0.003251487248933267,0.006812314789194003,0.0012664117382586877,0.020088110575167437,-0.004134699183402677,0.00172638391964642
2019-01-06,0.058447089054905726,0.013450791376217247,0.004984219400582028,0.09713684690518874,0.03626358213561859,0.0038735010951515053
2019-01-07,-0.012684700557385667,-0.03908767956864358,-0.009414348471477478,-0.026015030326541216,-0.011048993951596763,-0.018643546666294218
2019-01-08,0.0013901547706836324,-0.008869749182799697,0.005275189673231354,0.010961504499646035,0.0026532284742797475,-0.003946436003283335
2019-01-09,0.0011030020343775215,0.0029451302693207656,-0.0024753073341876415,0.07240925977758478,0.015145531330594665,-0.004403387065439565
2019-01-10,-0.0924592824929815,-0.15907249974701015,0.006499160806131668,-0.15834779987882477,-0.10880859359803229,-0.0609556973635105
2019-01-11,0.002291770109090111,-0.008407308571134387,-0.00014071380361567421,-0.008615658999342832,0.0007572869751316336,-0.0014081311642617491
2019-01-12,-0.0070936849314874395,-0.012479073619950824,-0.002382324210144676,-0.010085351469549154,-0.012404551921589773,0.008884858449802153
2019-01-13,-0.030039431790895278,-0.07471615028126666,-0.0007741409067167994,-0.0825532574252767,-0.03382920820944988,-0.025461037487966798
2019-01-14,0.04218810159294485,0.09904493373611378,0.000749618698586519,0.09064330617163342,0.04881975566579176,0.04162395340458996
2019-01-15,-0.020548563372547957,-0.05605585573421466,-0.0002919772498056284,-0.028757934081317202,-0.019932722123140373,-0.03353834639256488
2019-01-16,0.006679301401546422,0.012333019292702115,-0.00199695559674192,0.04492284899544331,0.007678735966219819,0.012709030942977997
2019-01-17,0.006424485580328479,0.0015759276597410881,-0.0010088207379143116,0.012009724623281967,-0.0010560644347795117,-0.020794637955003106
2019-01-18,-0.005649816019732142,-0.022322762115070918,-0.0002398544199461092,-0.022358491410794427,-0.015532007580497754,0.005714233789519001
2019-01-19,0.01915170905873867,0.028583127887191116,-0.0004611226460455157,0.0318459690427635,0.020523306790791524,0.022071863055027487
2019-01-20,-0.03480896076891465,-0.04135274914475369,0.00035787496737129645,-0.050959747432017144,-0.030129046367000957,-0.015917950680929323
2019-01-21,-0.006961443903655484,-0.01958353745857087,-0.003713329020505676,-0.012498125207663852,-0.0012057099703535674,-0.008530922377122857
2019-01-22,0.00795053055647093,0.013477629879542844,-0.004291963645815906,0.01481850011035962,-0.004057579796300171,-0.02116474837487643
2019-01-23,-0.005411671839448025,-0.010964918507288294,-0.0007326291211226897,-0.015680589557005343,-0.009431163968552087,-0.006829346803851279
2019-01-24,0.004381431105509742,-0.0007641888001316967,0.00024103855935683971,0.0029559734750150128,0.003488448480904198,-0.001959839222392156
2019-01-25,-0.00030542026954499585,-0.008424262037951873,0.001963262389387376,-0.007839673351229337,-0.0013642825048922234,0.03801282109171336
2019-01-26,0.0007482631299659863,0.0009481576082923955,-0.0012456921625851362,-0.0009842729289067666,-0.009280983862027777,-0.016663100574434236
2019-01-27,-0.005147111803203804,-0.02682657976737662,-0.0005421770187736087,-0.035342578833363045,-0.01538012754879107,-0.027252275067472465
2019-01-28,-0.0321855631491495,-0.06197857812658318,0.00011202753903878476,-0.0599628842086103,-0.04825019893053528,-0.04180918568672755
2019-01-29,-0.006456126661071388,-0.009347998978288667,0.0006025826180318651,-0.01352864466431426,-0.018155193272995866,-0.008783323287466456
2019-01-30,0.010978782970954,0.030857808934199052,-0.002231525601222975,0.03607247908605428,0.10140499998783112,0.017490171029033327
2019-01-31,-0.008176606850343018,-0.017100379501093596,-0.0006932294378569025,-0.03286209045767403,-0.03307216825859977,-0.018528600630089986
2019-02-01,0.00868238253365107,0.005112720654616807,-0.00017980901204300295,0.007890875996190773,-0.0049114549352871255,-0.004686263224422317
2019-02-02,0.009449478125773406,0.025872587091437266,-0.0035928809846019387,0.016386007408289244,0.007732979513651612,0.010384267502133048
2019-02-03,-0.016334438234447555,-0.026961545810639594,-0.002649365467231653,-0.03330798118434833,-0.02791801732241347,-0.016667058548930906
2019-02-04,-0.0014038013125416823,0.0030553847795017548,-0.00022096845251138583,-0.004533133200566566,-0.007149719131164466,-0.004210503384011376
2019-02-05,0.0020802425249583987,-0.003512716427027236,-0.00029412412888154914,0.0010296639808044833,-0.003199602128425399,-0.004228306710136191
2019-02-06,-0.015287693750092953,-0.02377393544811335,0.0014706494911470034,-0.0330775020399684,-0.028857970924636676,-0.011720992328391201
2019-02-07,-0.004196583300843028,-0.003666549940251104,7.490470344905289e-05,-0.007309166418219987,0.0030600443371185714,-0.011317848467508405
2019-02-08,0.07569393609415692,0.13184610690924448,0.0008636780722369594,0.11302146163881695,0.06654195213031538,0.05842231076555023
2019-02-09,0.0012056010064354034,0.001366906611769257,-0.0016461075675253804,0.007505350699585217,-0.0012809460007481642,-0.0035851187177523697
2019-02-10,0.005157899926351539,0.04402660357252224,0.00391316239647143,0.04225312260358845,-0.004427035766117067,-0.0015404484560775237
2019-02-11,-0.011380348161982145,-0.02851087228670333,-0.0010481533242042839,-0.025946635127646445,-0.023401035972637787,-0.020769215819095733
2019-02-12,0.0013963105132088508,0.010447396475702446,0.0008110639636153701,0.00043123479197978027,0.00805689835872228,-0.006315797375300412
2019-02-13,-0.0058905436608690425,-0.0001524472754963132,-1.092384889952723e-05,-0.015277453179706059,-0.002973026783709292,-0.0005281265629553795
2019-02-14,-0.004190873583172263,-0.009538324136759825,0.0025009386065610443,-0.014156869069542053,-0.007835850312607027,0.002110834805240893
2019-02-15,0.0010859628225890826,0.005833360502042836,-0.0030260177382856303,0.0014790057061690469,-0.0004969456409882496,0.005781864930027095
2019-02-16,0.002476157344838119,0.009454140633264664,-0.00017643430591627563,0.01043789920079914,-0.00018559101630773818,0.008350782134944695
2019-02-17,0.01206226371912486,0.08054415905481749,-0.002303033455003078,0.010330163831189716,0.005510069385670813,0.034732833405858435
