Date,BTC-USD,ETH-USD,USDT-USD,ADA-USD,XRP-USD,DOGE-USD,Portfolio performance
2020-02-20,-0.0025892656683303506,-0.007009752693620848,0.0012674537569049588,0.01061225119228289,-0.018931503416079593,0.013250254059912666,-0.001350571374985321
2020-02-21,0.008081532009711982,0.029230053124413628,0.0005423975065010596,0.006501275842343563,0.009288688193708339,-0.004145505831898211,0.01059525291662512
2020-02-22,-0.002404158134973382,-0.012383905641450916,-0.001305675556779775,-0.005197634949812813,0.0034964970325237613,-0.01790861080553035,-0.005724584779891105
2020-02-23,0.02668506547579107,0.04262060931143293,-0.003812313143082803,0.05298035561907921,0.024383103153950512,0.029920771715500297,0.03238497322525583
2020-02-24,-0.028031992193656916,-0.031684230120700874,0.0007842147344850919,-0.042340552174750044,-0.04368371237545704,-0.034158914786124685,-0.03164577770724936
2020-02-25,-0.03248723753845248,-0.06785323482968278,0.0026536805906000756,-0.045028563131145054,-0.06572480400090647,-0.045013496563441724,-0.04426097247789412
2020-02-26,-0.057407687925487366,-0.09357372604564448,0.0012853598352911804,-0.13080790077618235,-0.09324419810804736,-0.0569208156397632,-0.0762512388787677
2020-02-27,-0.004092966388449268,0.004743776764804114,-0.004326533755403128,0.0046803510414690445,0.026776990657033695,-0.0064336974414675304,0.0018316240875879324
2020-02-28,-0.012836217768337236,3.135778608374022e-05,-0.0013269825160708915,-0.021750419367117045,-0.0034641996100742865,-0.015174812725334795,-0.010321028814530156
2020-02-29,-0.008446835964171201,-0.030955664183366927,0.009263067494737811,-0.022360189400592492,-0.02183236271665857,-0.02387378887506506,-0.017031357416866212
2020-03-01,-0.004318240904803676,-0.004001264237985343,-0.005849918312151745,-0.034430483244107406,-0.010203603315549096,0.017738855704293968,-0.007231092372867749
2020-03-02,0.035250739590151826,0.05161608566188488,-0.005510469454026852,0.06369865113165658,0.0423551344175624,0.03200959449953498,0.04113926005719459
2020-03-03,-0.009274764811755473,-0.026768577109831878,0.0075063825907106165,-0.003929871055673451,-0.018456398298458188,0.061900938441659864,-0.004933328861163885
2020-03-04,-0.0037097436703969933,0.0001708041942054448,-0.0018720048696277412,0.004971128520128173,0.0006355010377349833,-0.04125552865342896,-0.004859670356349268
2020-03-05,0.03628484201142127,0.020936676896725202,0.0018969761556229478,0.04104072915548164,0.021312227754380637,0.044052754614996234,0.03148872860195463
2020-03-06,0.004811004368074786,0.06032838771647079,-0.004090036908889148,0.00762891412964591,0.018633044594653227,-0.003998436489775097,0.016393375375014313
2020-03-07,-0.02357983053034934,-0.023567627393533592,0.0017532360826178958,-0.04987437546125337,-0.029169148764206947,-0.037139545941008004,-0.028169821676425063
2020-03-08,-0.09430352876922735,-0.16989648021634282,0.009545559861417321,-0.1227524555481509,-0.13610475408908088,-0.09501917899427294,-0.11274869119844666
2020-03-09,-0.02301429329184435,0.006443285417974929,-0.010680034711931817,-0.04268509777866768,0.010944996933207884,0.012270186069941342,-0.012532308335224576
2020-03-10,-0.0017576850801850666,-0.00605377335216361,0.0026720040788400473,0.00031328049603880875,0.014494282882580567,-0.0031667310272948594,-0.0006004812386303541
2020-03-11,0.00021498848832731012,-0.02982111174872087,-0.0029142588778930723,-0.045507225926461815,-0.019694668776887164,-0.010476042776310384,-0.01586709494259693
2020-03-12,-0.46473017533977296,-0.5507317438220107,0.053393397894479014,-0.5036381753409762,-0.39896764875470064,-0.35132567413144644,-0.4439438075953485
2020-03-13,0.11268622219754491,0.17027198356569198,-0.05256973240306426,0.1712635913480582,0.1320837689242544,0.12290257623231861,0.12768857218986918
2020-03-14,-0.06753557004657186,-0.07719611277606094,0.001990743643002507,-0.08924844179903485,-0.07869858851569148,-0.042309463719502304,-0.06784198488506542
2020-03-15,0.03624573263084445,0.015357431443892263,0.0003653134995643884,0.04182878972506891,0.04389896703730918,0.01134003685507071,0.02938626386409278
2020-03-16,-0.07264505770911892,-0.12405349595189821,-0.004985533548057831,-0.11718864426031611,-0.08710936606412004,-0.05992015142815129,-0.08639924733970465
2020-03-17,0.04124552567019178,0.029722930780405797,-0.02114358370727026,0.04546604806855004,0.024238903576404274,0.0,0.03062941480671729
2020-03-18,0.002448204386069575,0.00786350009620446,-0.0019452875466213749,0.0036774201704713946,-0.009901895310914345,-0.013320797601437288,0.0006840611306731987
2020-03-19,0.1671043242496126,0.17345235323174882,0.029277329753384523,0.18389254780927292,0.14262608747721592,0.12414839556134959,0.15725739730911154
2020-03-20,0.0012244500086869695,-0.028640986312144977,-0.005634954323187897,-0.03621317592464998,-0.05076506741514777,0.0,-0.016028648105325876
2020-03-21,-0.0022144850761294074,0.0006141304197336162,0.0033965482522272427,0.001565101354878248,0.008322642312756756,0.0067453741246907995,0.0011484263130828152
2020-03-22,-0.05907702386252891,-0.07419317577290253,-0.0019179761099007327,-0.08234301899444364,-0.05166634901734786,-0.03071910806714038,-0.05915534206270248
2020-03-23,0.09578323765146265,0.08982785002610194,-0.002224658347676409,0.07099170274862586,0.04685006119010796,0.0418613046737677,0.07568752414710309
2020-03-24,0.04844470857364082,0.028136436777129438,0.003666017194545484,0.036496553131452066,0.03025818124197501,0.025165442259486637,0.03620531696447347
